Q_thiophene = [4.0435, 0.0, 0.0;
	       0.0, 0.8506, 0.0;
	       0.0, 0.0, -4.8941];

Q_furan = [0.2887, 1.2029, 0.0;
	   0.0, 3.6964, 0.0;
	   0.0, 0.0, -3.9851];

Q_THF = [2.8178, 0.0, 0.0;
	 0.0, -3.2009, -0.9643;
	 0.0, 0.0, 0.3831];

Q_cyclopentadiene = [0.8053, -0.0001, 0.0000;
		     0.0, 2.6494, 0.0008;
		     0.0, 0.0, -3.4547];

Q_cyclopentane = [-0.4168, -0.0020, -0.0038;
		  0.0, -0.4264, -0.0325;
		  0.0, 0.0, 0.8432];

Q_pyrrole = [4.6670, 0.0000, 0.0000;
	     0.0, 1.3436, 0.0000;
	     0.0, 0.0, -6.0106];

Q_benzene = [2.6959, 0.0, 0.0;
	   0.0, 1.9350, 0.0;
	   0.0, 0.0, -3.8775];

Q_cyclohexane = [-0.2010, 0.0006, 0.0010;
		 0.0, -0.2032, 0.0002;
		 0.0, 0.0, 0.4042];

Q_pyridine = [0.0481, 3.3322,  0.0000;
	      0.0, 3.2192, 0.0000;
	      0.0, 0.0, -3.2673];


